1751343412043 0.898727297782898 0
1751343641161 0.9554545283317566 1
1751343871259 0.9605454802513123 2
1751344098683 0.9735454320907593 3
1751344324092 0.9732727408409119 4
1751344551866 0.9757272601127625 5
1751344826198 0.9763636589050293 6
1751345137231 0.9789090752601624 7
1751345396600 0.9760909080505371 8
1751345653063 0.9830909371376038 9
1751345920429 0.9791818261146545 10
1751346179798 0.9823636412620544 11
1751346435406 0.9793636202812195 12
1751346675397 0.9803636074066162 13
1751346944402 0.984000027179718 14
1751347198887 0.9835454821586609 15
1751347461923 0.984181821346283 16
1751347731542 0.9838181734085083 17
1751348007571 0.9868181943893433 18
1751348277530 0.9832727313041687 19
1751348542298 0.9873636364936829 20
1751348814064 0.9835454821586609 21
1751349090276 0.9855454564094543 22
1751349384976 0.9868181943893433 23
1751349683178 0.9850000143051147 24
1751349916769 0.9881818294525146 25
1751350144967 0.9850909113883972 26
1751350371542 0.9879090785980225 27
1751350605601 0.9891818165779114 28
1751350855214 0.9903636574745178 29
1751351123350 0.9877272844314575 30
1751354703309 0.9882727265357971 31
1751355021498 0.9867272973060608 32
1751355307340 0.9851818084716797 33
1751355575702 0.986090898513794 34
1751355844614 0.9892727136611938 35
1751356119642 0.9899091124534607 36
1751356418329 0.9871818423271179 37
1751356836752 0.9884545207023621 38
1751357240490 0.9886363744735718 39
1751359400957 0.991636335849762 40
1751359945894 0.9909090995788574 41
1751360505686 0.9887272715568542 42
1751360944846 0.9883636236190796 43
1751361247057 0.9922727346420288 44
1751361540822 0.9926363825798035 45
1751361861849 0.9872727394104004 46
1751361861916 0.9882727265357971 47
