1751343412043 0.3178001046180725 0
1751343641161 0.14252306520938873 1
1751343871259 0.12223466485738754 2
1751344098683 0.08367523550987244 3
1751344324092 0.08647322654724121 4
1751344551866 0.08217143267393112 5
1751344826198 0.07554199546575546 6
1751345137231 0.06715703010559082 7
1751345396600 0.085997574031353 8
1751345653063 0.05506867542862892 9
1751345920429 0.0616794154047966 10
1751346179798 0.057430122047662735 11
1751346435406 0.06795887649059296 12
1751346675397 0.0682353526353836 13
1751346944402 0.0517541840672493 14
1751347198887 0.055161722004413605 15
1751347461923 0.05293148010969162 16
1751347731542 0.05214584618806839 17
1751348007571 0.04343583062291145 18
1751348277530 0.0573846660554409 19
1751348542298 0.041197001934051514 20
1751348814064 0.053109269589185715 21
1751349090276 0.04972440004348755 22
1751349384976 0.047126930207014084 23
1751349683178 0.0499732568860054 24
1751349916769 0.04021422564983368 25
1751350144967 0.050731394439935684 26
1751350371542 0.039109595119953156 27
1751350605601 0.03728003427386284 28
1751350855214 0.031876541674137115 29
1751351123350 0.04286454617977142 30
1751354703309 0.04639963433146477 31
1751355021498 0.04469501972198486 32
1751355307340 0.04562891647219658 33
1751355575702 0.05041535943746567 34
1751355844614 0.03546930477023125 35
1751356119642 0.030870649963617325 36
1751356418329 0.03910866007208824 37
1751356836752 0.042164552956819534 38
1751357240490 0.03448057547211647 39
1751359400957 0.028948327526450157 40
1751359945894 0.03364270552992821 41
1751360505686 0.03786839544773102 42
1751360944846 0.03648560494184494 43
1751361247057 0.026477523148059845 44
1751361540822 0.023629724979400635 45
1751361861849 0.042172349989414215 46
1751361861916 0.04639963433146477 47
