1751343412043 0.0010000000474974513 0
1751343641161 0.0010000000474974513 1
1751343871259 0.0010000000474974513 2
1751344098683 0.0010000000474974513 3
1751344324092 0.0010000000474974513 4
1751344551866 0.0010000000474974513 5
1751344826198 0.0010000000474974513 6
1751345137231 0.0010000000474974513 7
1751345396600 0.0010000000474974513 8
1751345653063 0.0010000000474974513 9
1751345920429 0.0010000000474974513 10
1751346179798 0.0010000000474974513 11
1751346435406 0.0010000000474974513 12
1751346675397 0.0010000000474974513 13
1751346944402 0.0010000000474974513 14
1751347198887 0.0010000000474974513 15
1751347461923 0.0010000000474974513 16
1751347731542 0.0010000000474974513 17
1751348007571 0.0010000000474974513 18
1751348277530 0.0010000000474974513 19
1751348542298 0.0010000000474974513 20
1751348814064 0.0010000000474974513 21
1751349090276 0.0010000000474974513 22
1751349384976 0.0010000000474974513 23
1751349683178 0.0010000000474974513 24
1751349916769 0.0010000000474974513 25
1751350144967 0.0010000000474974513 26
1751350371542 0.0010000000474974513 27
1751350605601 0.0010000000474974513 28
1751350855214 0.0010000000474974513 29
1751351123350 0.0010000000474974513 30
1751354703309 0.0010000000474974513 31
1751355021498 0.0010000000474974513 32
1751355307340 0.0010000000474974513 33
1751355575702 0.0010000000474974513 34
1751355844614 0.0010000000474974513 35
1751356119642 0.0010000000474974513 36
1751356418329 0.0010000000474974513 37
1751356836752 0.0010000000474974513 38
1751357240490 0.0010000000474974513 39
1751359400957 0.0010000000474974513 40
1751359945894 0.0010000000474974513 41
1751360505686 0.0010000000474974513 42
1751360944846 0.0010000000474974513 43
1751361247057 0.0010000000474974513 44
1751361540822 0.0010000000474974513 45
1751361861849 0.0010000000474974513 46
1751361861916 0.0010000000474974513 47
