1751297121615 0.898727297782898 0
1751297428575 0.9554545283317566 1
1751298207749 0.9605454802513123 2
1751299139698 0.9735454320907593 3
1751299538328 0.9732727408409119 4
1751299902723 0.9757272601127625 5
1751300245221 0.9763636589050293 6
1751300595478 0.9789090752601624 7
1751300942322 0.9760909080505371 8
1751301285031 0.9830909371376038 9
1751301588161 0.9791818261146545 10
1751301890484 0.9823636412620544 11
1751304032114 0.9793636202812195 12
1751304302873 0.9803636074066162 13
1751304652431 0.984000027179718 14
1751305021997 0.9835454821586609 15
1751305475866 0.984181821346283 16
1751305910018 0.9838181734085083 17
1751306234151 0.9868181943893433 18
1751306470047 0.9832727313041687 19
1751306696025 0.9873636364936829 20
1751306921085 0.9835454821586609 21
1751307143832 0.9855454564094543 22
1751307366426 0.9868181943893433 23
1751307588229 0.9850000143051147 24
1751307808769 0.9881818294525146 25
1751308031287 0.9850909113883972 26
1751308252862 0.9879090785980225 27
1751308476042 0.9891818165779114 28
1751308697740 0.9903636574745178 29
1751308919014 0.9877272844314575 30
1751309140266 0.9882727265357971 31
1751309361404 0.9867272973060608 32
1751309582613 0.9851818084716797 33
1751309804194 0.986090898513794 34
1751310024936 0.9892727136611938 35
1751310247171 0.9899091124534607 36
1751310467852 0.9871818423271179 37
1751310688923 0.9884545207023621 38
1751310909722 0.9886363744735718 39
1751311130536 0.991636335849762 40
1751311350922 0.9909090995788574 41
1751311572010 0.9887272715568542 42
1751311792699 0.9883636236190796 43
1751312013719 0.9922727346420288 44
1751312234525 0.9926363825798035 45
1751312455326 0.9872727394104004 46
1751312676279 0.9948182106018066 47
1751312897755 0.9962727427482605 48
1751313121587 0.9957273006439209 49
