1751297121615 0.3178001046180725 0
1751297428575 0.14252306520938873 1
1751298207749 0.12223466485738754 2
1751299139698 0.08367523550987244 3
1751299538328 0.08647322654724121 4
1751299902723 0.08217143267393112 5
1751300245221 0.07554199546575546 6
1751300595478 0.06715703010559082 7
1751300942322 0.085997574031353 8
1751301285031 0.05506867542862892 9
1751301588161 0.0616794154047966 10
1751301890484 0.057430122047662735 11
1751304032114 0.06795887649059296 12
1751304302873 0.0682353526353836 13
1751304652431 0.0517541840672493 14
1751305021997 0.055161722004413605 15
1751305475866 0.05293148010969162 16
1751305910018 0.05214584618806839 17
1751306234151 0.04343583062291145 18
1751306470047 0.0573846660554409 19
1751306696025 0.041197001934051514 20
1751306921085 0.053109269589185715 21
1751307143832 0.04972440004348755 22
1751307366426 0.047126930207014084 23
1751307588229 0.0499732568860054 24
1751307808769 0.04021422564983368 25
1751308031287 0.050731394439935684 26
1751308252862 0.039109595119953156 27
1751308476042 0.03728003427386284 28
1751308697740 0.031876541674137115 29
1751308919014 0.04286454617977142 30
1751309140266 0.04639963433146477 31
1751309361404 0.04469501972198486 32
1751309582613 0.04562891647219658 33
1751309804194 0.05041535943746567 34
1751310024936 0.03546930477023125 35
1751310247171 0.030870649963617325 36
1751310467852 0.03910866007208824 37
1751310688923 0.042164552956819534 38
1751310909722 0.03448057547211647 39
1751311130536 0.028948327526450157 40
1751311350922 0.03364270552992821 41
1751311572010 0.03786839544773102 42
1751311792699 0.03648560494184494 43
1751312013719 0.026477523148059845 44
1751312234525 0.023629724979400635 45
1751312455326 0.042172349989414215 46
1751312676279 0.016547009348869324 47
1751312897755 0.014406549744307995 48
1751313121587 0.013567849062383175 49
