1751297121615 0.0010000000474974513 0
1751297428575 0.0010000000474974513 1
1751298207749 0.0010000000474974513 2
1751299139698 0.0010000000474974513 3
1751299538328 0.0010000000474974513 4
1751299902723 0.0010000000474974513 5
1751300245221 0.0010000000474974513 6
1751300595478 0.0010000000474974513 7
1751300942322 0.0010000000474974513 8
1751301285031 0.0010000000474974513 9
1751301588161 0.0010000000474974513 10
1751301890484 0.0010000000474974513 11
1751304032114 0.0010000000474974513 12
1751304302873 0.0010000000474974513 13
1751304652431 0.0010000000474974513 14
1751305021997 0.0010000000474974513 15
1751305475866 0.0010000000474974513 16
1751305910018 0.0010000000474974513 17
1751306234151 0.0010000000474974513 18
1751306470047 0.0010000000474974513 19
1751306696025 0.0010000000474974513 20
1751306921085 0.0010000000474974513 21
1751307143832 0.0010000000474974513 22
1751307366426 0.0010000000474974513 23
1751307588229 0.0010000000474974513 24
1751307808769 0.0010000000474974513 25
1751308031287 0.0010000000474974513 26
1751308252862 0.0010000000474974513 27
1751308476042 0.0010000000474974513 28
1751308697740 0.0010000000474974513 29
1751308919014 0.0010000000474974513 30
1751309140266 0.0010000000474974513 31
1751309361404 0.0010000000474974513 32
1751309582613 0.0010000000474974513 33
1751309804194 0.0010000000474974513 34
1751310024936 0.0010000000474974513 35
1751310247171 0.0010000000474974513 36
1751310467852 0.0010000000474974513 37
1751310688923 0.0010000000474974513 38
1751310909722 0.0010000000474974513 39
1751311130536 0.0010000000474974513 40
1751311350922 0.0010000000474974513 41
1751311572010 0.0010000000474974513 42
1751311792699 0.0010000000474974513 43
1751312013719 0.0010000000474974513 44
1751312234525 0.0010000000474974513 45
1751312455326 0.0010000000474974513 46
1751312676279 0.0005000000237487257 47
1751312897755 0.0005000000237487257 48
1751313121587 0.0005000000237487257 49
